0
9.69849483319907e-05
0.000387902169007026
0.000872638803658787
0.00155100680365733
0.00242274300306095
0.00348750922070856
0.00474489239141379
0.00619440472620930
0.00783548390157945
0.00966749327760813
0.0116897221449567
0.0139013860005761
0.0163016268520475
0.0188895135504309
0.0216640421514954
0.0246241363051889
0.0277686476731973
0.0310963563744303
0.0346059714582620
0.0382961314053422
0.0421654046557838
0.0462122901645215
0.0504352179836275
0.0548325498713564
0.0594025799276846
0.0641435352560963
0.0690535766513614
0.0741307993130358
0.0793732335844094
0.0847788457166144
0.0903455386575975
0.0960711528656496
0.101953467147178
0.107990199518396
0.114179008090596
0.120517491978659
0.127003192232455
0.133633592790768
0.140406121457376
0.147318150898908
0.154366999664091
0.161549933223991
0.168864165032848
0.176306857609086
0.183875123636085
0.191566027082286
0.199376584340196
0.207303765383847
0.215344494944262
0.223495653702478
0.231754079499652
0.240116568563785
0.248579876752599
0.257140720812064
0.265795779650105
0.274541695624985
0.283375075847868
0.292292493499057
0.301290489157390
0.310365572142292
0.319514221867944
0.328732889209064
0.338017997877748
0.347365945810858
0.356773106567405
0.366235830735390
0.375750447347553
0.385313265305494
0.394920574811589
0.404568648808175
0.414253744423419
0.423972104423331
0.433719958669339
0.443493525580883
0.453289013602435
0.463102622674396
0.472930545707291
0.482768970058690
0.492614079012283
0.502462053258538
0.512309072376361
0.522151316315189
0.531984966876945
0.541806209197260
0.551611233225420
0.561396235202429
0.571157419136643
0.580890998276382
0.590593196578969
0.600260250175597
0.609888408831494
0.619473937400779
0.629013117275481
0.638502247828131
0.647937647847382
0.657315656966103
0.666632637081372
0.675884973765851
0.685069077669957
0.694181385914321
0.703218363471965
0.712176504539683
0.721052333898081
0.729842408259752
0.738543317605065
0.747151686505047
0.755664175430844
0.764077482049264
0.772388342503876
0.780593532681191
0.788689869461429
0.796674211953372
0.804543462712845
0.812294568944333
0.819924523685287
0.827430366972643
0.834809186991105
0.842058121202763
0.849174357457574
0.856155135084319
0.862997745961565
0.869699535568266
0.876257904013544
0.882670307045301
0.888934257037231
0.895047323953867
0.901007136293294
0.906811382007145
0.912457809397536
0.917944227990593
0.923268509386220
0.928428588083795
0.933422462283452
0.938248194662667
0.942903913127819
0.947387811540448
0.951698150417930
0.955833257608292
0.959791528938907
0.963571428838810
0.967171490934417
0.970590318618383
0.973826585591401
0.976879036376732
0.979746486807249
0.982427824484824
0.984922009211872
0.987228073394887
0.989345122419805
0.991272334999066
0.993008963490220
0.994554334185968
0.995907847575523
0.997068978577180
0.998037276742018
0.998812366428647
0.999393946948934
0.999781792684653
0.999975753175008
0.999975753175008
0.999781792684653
0.999393946948934
0.998812366428647
0.998037276742018
0.997068978577180
0.995907847575523
0.994554334185968
0.993008963490220
0.991272334999066
0.989345122419805
0.987228073394887
0.984922009211872
0.982427824484824
0.979746486807249
0.976879036376732
0.973826585591401
0.970590318618383
0.967171490934417
0.963571428838810
0.959791528938907
0.955833257608292
0.951698150417930
0.947387811540448
0.942903913127819
0.938248194662667
0.933422462283452
0.928428588083795
0.923268509386220
0.917944227990593
0.912457809397536
0.906811382007145
0.901007136293294
0.895047323953867
0.888934257037231
0.882670307045301
0.876257904013544
0.869699535568266
0.862997745961565
0.856155135084319
0.849174357457574
0.842058121202763
0.834809186991105
0.827430366972643
0.819924523685287
0.812294568944333
0.804543462712845
0.796674211953372
0.788689869461429
0.780593532681191
0.772388342503876
0.764077482049264
0.755664175430844
0.747151686505047
0.738543317605065
0.729842408259752
0.721052333898081
0.712176504539683
0.703218363471965
0.694181385914321
0.685069077669957
0.675884973765851
0.666632637081372
0.657315656966103
0.647937647847382
0.638502247828131
0.629013117275481
0.619473937400779
0.609888408831494
0.600260250175597
0.590593196578969
0.580890998276382
0.571157419136643
0.561396235202429
0.551611233225420
0.541806209197260
0.531984966876945
0.522151316315189
0.512309072376361
0.502462053258538
0.492614079012283
0.482768970058690
0.472930545707291
0.463102622674396
0.453289013602435
0.443493525580883
0.433719958669339
0.423972104423331
0.414253744423419
0.404568648808175
0.394920574811589
0.385313265305494
0.375750447347553
0.366235830735390
0.356773106567405
0.347365945810858
0.338017997877748
0.328732889209064
0.319514221867944
0.310365572142292
0.301290489157390
0.292292493499057
0.283375075847868
0.274541695624985
0.265795779650105
0.257140720812064
0.248579876752599
0.240116568563785
0.231754079499652
0.223495653702478
0.215344494944262
0.207303765383847
0.199376584340196
0.191566027082286
0.183875123636085
0.176306857609086
0.168864165032848
0.161549933223991
0.154366999664091
0.147318150898908
0.140406121457376
0.133633592790768
0.127003192232455
0.120517491978659
0.114179008090596
0.107990199518396
0.101953467147178
0.0960711528656496
0.0903455386575975
0.0847788457166144
0.0793732335844094
0.0741307993130358
0.0690535766513614
0.0641435352560963
0.0594025799276846
0.0548325498713564
0.0504352179836275
0.0462122901645215
0.0421654046557838
0.0382961314053422
0.0346059714582620
0.0310963563744303
0.0277686476731973
0.0246241363051889
0.0216640421514954
0.0188895135504309
0.0163016268520475
0.0139013860005761
0.0116897221449567
0.00966749327760813
0.00783548390157945
0.00619440472620930
0.00474489239141379
0.00348750922070856
0.00242274300306095
0.00155100680365733
0.000872638803658787
0.000387902169007026
9.69849483319907e-05
0